800
95.15
-34.39
-8.13
85.47
93.19
82.47
70.45
-54.85
-22.11
-36.23
25.17
-71.97
33.56
-39.88
-79.79
2.85
84.77
-9.36
67.48
-68.27
74.6
64.71
-73.38
73.44
61.78
50.31
74.93
-65.52
-92.18
-83.29
35.84
90.45
47.67
36.39
65.27
2.24
18.97
87.17
18.72
-82.8
27.17
-52.86
99.14
-12.76
-86.97
39.02
64.63
-1.95
91.26
-10.05
-59.26
-16.51
-84.57
-22.75
0.63
-54.28
-41.4
63.63
-1.36
-76.84
-53.19
-24.42
82.46
81.98
34.03
43.0
84.78
72.39
-52.18
59.94
25.22
-58.43
-26.19
55.36
-33.18
-32.08
-81.55
-28.04
26.75
39.42
-79.65
-9.22
84.12
22.9
50.92
53.76
98.45
87.21
77.17
44.45
19.43
-96.25
-19.52
63.92
62.06
-13.37
45.88
55.01
-0.29
-87.31
-21.96
-91.82
92.28
-56.1
69.22
92.4
13.24
26.26
-73.14
44.74
-10.75
-64.55
-25.7
-25.39
-58.87
-56.56
-54.06
65.28
-2.73
-67.26
-48.92
-80.53
81.16
-23.06
-55.64
-81.61
67.3
31.36
-22.55
84.91
41.5
-69.49
-33.58
-94.54
-51.14
32.41
46.6
-47.54
-26.22
51.71
11.37
57.35
-12.13
-97.72
-46.76
27.34
-32.74
-54.02
32.07
-24.87
49.16
25.21
-15.41
-57.38
61.3
-51.18
0.2
-18.22
51.74
1.6
-60.42
-95.43
-70.27
-3.73
0.49
-76.43
-98.1
7.89
-91.79
-45.17
-27.74
-93.26
66.7
-63.19
13.13
-64.89
81.1
-64.82
-8.81
-51.26
-32.36
-42.87
-6.8
-4.31
24.67
-16.42
74.6
30.55
-57.12
79.03
26.4
-79.39
-37.63
14.14
63.87
49.84
-62.7
-89.52
-44.52
21.79
12.92
-67.79
81.97
-31.16
-69.56
81.82
1.63
-8.99
-95.01
61.77
98.13
-95.56
23.33
-23.14
53.83
-0.59
-86.64
-18.38
56.7
-89.94
26.46
-79.38
-49.9
9.96
46.29
20.15
90.57
28.28
73.83
-63.2
-20.37
79.02
63.87
46.85
-55.51
-40.66
54.69
-73.29
73.33
-62.71
-85.98
-49.87
-5.66
36.36
-44.01
-6.12
29.45
17.3
42.88
-8.01
-19.44
-26.02
-6.66
76.63
-37.87
-97.48
39.89
67.4
94.58
15.1
-66.02
47.03
-19.77
-94.69
-7.28
11.79
75.16
59.67
-27.77
-85.96
-79.87
-2.18
-77.43
-85.93
48.88
-17.12
-49.52
74.42
45.37
96.84
-37.2
3.44
52.2
67.81
37.88
67.05
33.26
49.02
-52.6
-89.93
-30.85
-16.93
1.58
97.04
60.35
39.61
79.09
-11.54
17.96
-64.41
-29.92
-24.58
-91.81
-61.04
-60.68
-99.64
41.87
98.12
15.68
-65.64
37.46
-15.72
-78.43
-27.0
-34.37
-12.34
-83.63
81.51
-9.8
-66.91
-77.92
-5.0
-82.83
52.73
-24.11
-98.33
-64.24
56.25
33.41
84.27
4.77
-25.39
5.51
63.5
-64.68
49.46
-53.36
67.32
-51.11
88.36
-68.22
-59.97
77.64
-45.66
-10.08
-35.58
-46.79
-26.67
-51.02
63.47
65.37
73.93
33.64
60.89
37.25
-70.62
13.69
88.83
8.23
-13.67
-8.25
-26.9
-59.48
48.08
9.35
-98.55
19.77
29.99
-32.58
57.19
10.89
10.2
-44.54
-68.87
36.52
87.42
6.08
-34.83
-70.37
40.28
4.91
-65.61
-29.45
8.39
-96.56
3.91
45.39
-22.7
-21.77
-58.15
43.0
-36.94
-41.73
9.49
37.3
25.83
19.86
88.17
-29.07
-66.7
-19.21
-60.83
-81.66
-5.13
-60.38
16.91
-77.99
-93.38
-18.97
51.89
-13.21
28.97
31.66
-74.95
-7.51
-12.33
-9.96
-96.77
-53.84
62.33
-19.92
86.86
67.68
23.35
-18.75
-57.13
-4.52
43.49
62.23
-57.04
-20.29
-3.27
39.75
-37.58
45.76
-28.08
86.7
63.34
46.86
-46.87
72.77
13.2
-80.09
-1.84
2.26
54.35
-85.69
-35.73
-76.55
-45.26
-25.86
93.0
-54.01
69.78
-55.46
83.11
-88.5
-12.6
75.59
88.63
42.49
96.45
-83.58
-2.89
47.83
33.06
95.75
-44.57
55.58
55.44
42.96
62.7
-57.68
37.56
-83.84
-6.52
-20.29
61.9
5.4
-73.8
-79.37
13.49
-14.07
19.73
-74.18
-95.42
-69.61
24.13
-5.72
27.75
70.22
26.11
-72.4
38.65
-63.12
-66.48
-30.29
97.79
-14.67
-94.2
88.75
68.59
55.76
9.72
-8.32
39.57
25.59
-9.34
75.09
74.44
42.95
-58.95
-11.73
94.81
-84.41
-80.02
70.05
-23.53
-14.67
-93.79
-18.5
74.26
69.3
-28.26
-15.33
-37.3
-65.23
-37.42
-57.72
-1.02
85.8
69.64
53.88
-51.23
4.44
17.01
-11.8
35.86
36.89
53.92
-78.35
-75.07
-92.88
44.4
-62.23
96.94
-4.62
54.61
43.04
-3.57
-19.31
43.11
-89.04
64.1
-4.14
-67.14
92.66
39.01
83.71
-63.99
69.54
-25.24
16.07
-2.14
27.7
-49.34
98.67
-97.46
-42.45
-26.49
-45.72
-16.53
-91.36
-92.82
-68.96
-86.82
85.69
94.8
-71.0
-58.52
-74.52
12.37
11.78
-77.33
88.23
66.26
-29.45
-5.79
74.34
33.75
19.99
-58.75
42.51
-31.1
-63.98
-75.39
82.43
-75.78
46.47
-95.01
57.16
-58.47
-26.29
-11.89
50.37
-34.83
42.56
78.72
74.19
-57.89
-14.89
8.31
88.94
-10.93
96.76
-67.0
-83.66
-30.42
2.42
-38.23
30.58
1.31
-9.23
74.08
96.61
-63.38
44.69
38.53
46.02
-71.97
-70.74
33.94
-55.18
19.55
-23.79
-1.95
41.53
44.57
-30.03
71.33
54.8
-31.76
27.09
98.66
15.41
-67.24
-12.14
-44.2
89.86
-30.11
21.53
49.96
93.28
-11.09
24.4
90.54
24.01
-54.03
79.39
-82.24
38.06
45.92
19.82
-63.06
-98.27
-84.28
53.18
-90.51
15.26
40.96
-23.73
10.02
-43.19
8.22
-95.11
65.36
15.06
66.93
86.89
-12.62
-61.89
84.77
-23.32
-88.58
39.93
41.63
58.48
54.72
-41.17
-9.07
-25.41
76.83
28.87
-31.05
-86.28
-26.7
-34.42
90.8
-50.79
58.41
-53.57
-62.35
35.73
34.83
24.85
15.72
97.4
67.2
25.59
-65.13
-58.05
-26.69
-27.24
-14.42
-92.09
-20.23
-7.58
-46.29
-1.92
-35.5
30.97
14.57
-36.0
-58.79
28.96
8.5
-71.41
70.48
56.27
-5.16
69.58
52.17
-83.1
41.16
2.75
23.85
-97.43
63.76
-28.83
62.05
-75.11
-61.24
90.86
-96.5
-93.47
-57.97
-99.58
-38.34
-98.41
90.68
-62.74
69.84
-58.96
74.01
85.71
71.83
-47.78
-51.07
54.36
-78.98
-14.26
37.07
-82.45
-55.44
-24.77
-54.56
-57.37
0.46
-98.32
-87.0
-10.83
92.51
82.38
41.86
-43.42
8.34
-25.12
-17.12
-61.82
-98.3
-60.62
20.88
20.43
83.62
-76.97
25.03
79.43
-35.63
67.13
-24.32
-8.56
58.69
34.77
94.55
1.87
4.83
79.5
39.03
66.23
-96.52
5
