200
2.69
76.35
-15.8
-16.41
-48.06
-16.07
7.93
-53.09
-14.46
73.62
-85.68
49.37
-51.48
-68.88
94.77
-44.39
44.72
66.25
51.53
-94.37
45.1
90.25
-3.24
32.71
7.04
95.71
-25.56
60.36
-74.79
46.77
78.63
22.22
-95.42
35.05
19.02
84.14
-53.54
41.52
35.39
26.64
21.64
-44.68
-95.66
-18.15
45.25
92.78
-74.35
-19.5
-81.15
-28.94
87.06
99.57
-40.93
34.11
-77.85
8.81
83.5
0.19
-6.61
-10.93
74.04
1.73
4.74
80.69
-43.72
-96.65
-72.22
11.7
54.06
-87.58
31.36
-35.29
-89.53
31.05
78.59
-1.58
4.26
-29.28
-59.46
-31.45
9.33
84.83
64.04
16.1
44.67
70.45
-62.32
77.0
65.55
-67.68
-40.49
89.74
76.67
81.73
75.55
93.35
48.71
73.88
-72.7
30.57
-56.63
54.01
-34.3
84.26
-92.97
-48.64
-99.0
62.8
95.2
1.04
-21.15
-60.98
-24.24
-19.54
-1.32
26.08
-36.71
3.72
-53.5
-70.11
53.87
-61.46
41.02
-78.12
36.47
-75.4
-23.2
42.82
-34.47
-79.43
52.25
-90.25
33.28
-52.17
31.87
-14.98
8.17
37.81
-78.27
-63.76
-70.95
95.93
49.23
36.61
-45.25
-39.78
12.87
96.38
26.19
-52.77
7.33
-54.22
-56.43
68.18
4.77
5.47
-97.17
1.18
6.27
-37.77
39.38
-9.09
-51.04
56.46
3.87
2.16
-85.46
-64.78
-27.01
23.83
23.16
16.09
22.86
23.84
-51.64
65.03
88.11
-84.2
-14.13
-47.38
69.92
33.71
72.62
59.51
3.05
4.57
26.08
-80.81
-62.25
47.74
34.38
-39.77
-29.29
-94.27
10.2
23.89
-60.07
-8.78
56.23
-26.44
5
